channel_id,user_id
C_OLD_HARBOR,U_JAE
